Tempos para o treinamento de cada digito (em s):
ndig_treino: 1000 p: 5
d0: 26.396418571472168
d1: 25.007609367370605
d2: 24.73331356048584
d3: 28.979073762893677
d4: 25.50558376312256
d5: 24.984785079956055
d6: 25.005978107452393
d7: 25.62201452255249
d8: 24.791144132614136
d9: 26.513906240463257
total: 257.6080710887909