Tempos para o treinamento de cada digito (em s):
ndig_treino: 100 p: 15
d0: 30.494178771972656
d1: 29.777745723724365
d2: 30.252002000808716
d3: 32.43817067146301
d4: 33.30795240402222
d5: 30.536725997924805
d6: 31.78583288192749
d7: 34.242276430130005
d8: 32.08697533607483
d9: 31.292909145355225
total: 318.16095495224