Tempos para o treinamento de cada digito (em s):
ndig_treino: 4000 p: 15
d0: 226.91212105751038
d1: 231.3381221294403
d2: 241.14235472679138
d3: 234.04038095474243
d4: 229.9302077293396
d5: 233.75534749031067
d6: 226.80631923675537
d7: 235.58187770843506
d8: 234.13439774513245
d9: 229.2221462726593
total: 2323.0156016349792