Tempos para o treinamento de cada digito (em s):
ndig_treino: 1000 p: 15
d0: 76.72512555122375
d1: 77.05386805534363
d2: 76.16890287399292
d3: 77.0458767414093
d4: 76.5990264415741
d5: 79.31303143501282
d6: 75.82541632652283
d7: 80.36943793296814
d8: 75.94400119781494
d9: 78.18655633926392
total: 773.3713676929474