Tempos para o treinamento de cada digito (em s):
ndig_treino: 1000 p: 5
d0: 26.61210560798645
d1: 26.475987911224365
d2: 26.34297251701355
d3: 26.78599762916565
d4: 27.023030519485474
d5: 26.70699906349182
d6: 26.05097198486328
d7: 27.132000207901
d8: 26.973596572875977
d9: 27.205955266952515
total: 267.93464946746826