Tempos para o treinamento de cada digito (em s):
ndig_treino: 100 p: 10
d0: 22.9760262966156
d1: 22.14097809791565
d2: 21.679173946380615
d3: 20.670817613601685
d4: 19.317980766296387
d5: 19.641855001449585
d6: 19.13710379600525
d7: 20.71874189376831
d8: 21.27906346321106
d9: 21.059976816177368
total: 208.72379612922668