Tempos para o treinamento de cada digito (em s):
ndig_treino: 100 p: 15
d0: 33.4869019985199
d1: 33.42682123184204
d2: 35.21641278266907
d3: 35.05763244628906
d4: 35.45790433883667
d5: 35.732274532318115
d6: 31.722156286239624
d7: 35.2086226940155
d8: 36.30611753463745
d9: 34.55113649368286
total: 346.23203563690186