Tempos para o treinamento de cada digito (em s):
ndig_treino: 1000 p: 10
d0: 54.87498164176941
d1: 54.90703058242798
d2: 55.815104246139526
d3: 57.78400158882141
d4: 56.337990045547485
d5: 54.8470139503479
d6: 53.73099994659424
d7: 56.446972608566284
d8: 55.01651453971863
d9: 56.25602674484253
total: 556.0726833343506