Tempos para o treinamento de cada digito (em s):
ndig_treino: 4000 p: 5
d0: 75.24736380577087
d1: 76.36451196670532
d2: 75.26273989677429
d3: 75.13264107704163
d4: 75.12219047546387
d5: 75.63182711601257
d6: 74.71130871772766
d7: 75.66171646118164
d8: 75.69591283798218
d9: 78.15591764450073
total: 757.058128118515