Tempos para o treinamento de cada digito (em s):
ndig_treino: 100 p: 5
d0: 9.83446717262268
d1: 9.938868761062622
d2: 9.193037986755371
d3: 9.269205808639526
d4: 9.508976697921753
d5: 5.4399778842926025
d6: 9.72500491142273
d7: 6.6421427726745605
d8: 9.21978497505188
d9: 10.124000310897827
total: 88.9644021987915