Tempos para o treinamento de cada digito (em s):
ndig_treino: 100 p: 5
d0: 12.514893293380737
d1: 12.471637964248657
d2: 11.476211786270142
d3: 11.04502558708191
d4: 11.827996015548706
d5: 11.682937622070312
d6: 10.371230363845825
d7: 12.252247333526611
d8: 12.076812267303467
d9: 11.95494818687439
total: 117.7218427658081