Tempos para o treinamento de cada digito (em s):
ndig_treino: 4000 p: 10
d0: 176.6792449951172
d1: 179.5758011341095
d2: 170.7368357181549
d3: 178.82589983940125
d4: 188.72101879119873
d5: 186.64892888069153
d6: 169.10700464248657
d7: 175.4879138469696
d8: 173.27242708206177
d9: 168.47832942008972
total: 1767.5953764915466