Tempos para o treinamento de cada digito (em s):
ndig_treino: 4000 p: 15
d0: 274.00913763046265
d1: 264.64387702941895
d2: 266.1798942089081
d3: 269.3165273666382
d4: 264.9760925769806
d5: 266.16422963142395
d6: 262.5594084262848
d7: 256.76277804374695
d8: 257.5507621765137
d9: 259.7134928703308
total: 2641.9597582817078