Tempos para o treinamento de cada digito (em s):
ndig_treino: 1000 p: 10
d0: 51.4109046459198
d1: 49.569133281707764
d2: 49.70583891868591
d3: 50.98498034477234
d4: 50.565107345581055
d5: 49.803778648376465
d6: 48.2992103099823
d7: 53.463804721832275
d8: 50.80709719657898
d9: 54.208887338638306
total: 508.92480874061584