Tempos para o treinamento de cada digito (em s):
ndig_treino: 1000 p: 15
d0: 87.88900136947632
d1: 87.7471330165863
d2: 87.19403028488159
d3: 90.56498336791992
d4: 91.03302693367004
d5: 88.9960663318634
d6: 86.93700003623962
d7: 89.7611563205719
d8: 87.75232982635498
d9: 89.40063643455505
total: 887.3413081169128