Tempos para o treinamento de cada digito (em s):
ndig_treino: 4000 p: 5
d0: 79.43702673912048
d1: 79.30798888206482
d2: 79.13803911209106
d3: 80.98368620872498
d4: 79.79997205734253
d5: 80.04919075965881
d6: 79.99399757385254
d7: 83.18606805801392
d8: 83.816397190094
d9: 86.6456048488617
total: 813.301008939743