Tempos para o treinamento de cada digito (em s):
ndig_treino: 4000 p: 10
d0: 156.5681655406952
d1: 156.11737251281738
d2: 160.81685328483582
d3: 152.79714488983154
d4: 158.84349060058594
d5: 154.76621079444885
d6: 146.97588109970093
d7: 151.24984526634216
d8: 154.36682271957397
d9: 149.88860273361206
total: 1542.492529630661