Tempos para o treinamento de cada digito (em s):
ndig_treino: 100 p: 10
d0: 23.087021827697754
d1: 22.299835681915283
d2: 21.017154455184937
d3: 21.924258708953857
d4: 21.61859440803528
d5: 21.23607850074768
d6: 20.3059983253479
d7: 23.20088815689087
d8: 22.853999137878418
d9: 22.991370916366577
total: 220.675940990448